0.000000000000000000e+00
4.291845493561874392e-03
4.291845493561874392e-03
4.291845493561874392e-03
4.291845493561874392e-03
8.658986522098954808e-03
8.658986522098954808e-03
8.658986522098954808e-03
1.306494658200096914e-02
1.749066431033308167e-02
1.749066431033308167e-02
1.749066431033308167e-02
1.749066431033308167e-02
1.749066431033308167e-02
1.749066431033308167e-02
2.201835710152955095e-02
2.654604989272679738e-02
2.654604989272679738e-02
2.654604989272679738e-02
3.111625623125913176e-02
3.111625623125913176e-02
3.111625623125913176e-02
3.111625623125913176e-02
3.111625623125913176e-02
3.581957537576740958e-02
4.054595000627825296e-02
4.054595000627825296e-02
4.054595000627825296e-02
4.054595000627825296e-02
4.054595000627825296e-02
5.018870427757182728e-02
5.018870427757182728e-02
5.018870427757182728e-02
5.511000632794715859e-02
6.005707435764384705e-02
6.005707435764384705e-02
6.505677077063487523e-02
6.505677077063487523e-02
6.505677077063487523e-02
7.011051795565792499e-02
7.516426514068130782e-02
7.516426514068130782e-02
8.024578016738037611e-02
8.024578016738037611e-02
8.024578016738037611e-02
8.024578016738037611e-02
8.541293870576605052e-02
9.058009724415161390e-02
9.058009724415161390e-02
9.577678240275677712e-02
9.577678240275677712e-02
1.010035062038975306e-01
1.010035062038975306e-01
1.062607956413017529e-01
1.062607956413017529e-01
1.115491933002291658e-01
1.168375909591559125e-01
1.221259886180829923e-01
1.274143862770108493e-01
1.327027839359374850e-01
1.379911815948650089e-01
1.379911815948650089e-01
1.379911815948650089e-01
1.379911815948650089e-01
1.433787367098968701e-01
1.487662918249288424e-01
1.487662918249288424e-01
1.487662918249288424e-01
1.487662918249288424e-01
1.542581222002517016e-01
1.542581222002517016e-01
1.597858468917531249e-01
1.653135715832548813e-01
1.653135715832548813e-01
1.708781477726996068e-01
1.708781477726996068e-01
1.764803224499109646e-01
1.764803224499109646e-01
1.764803224499109646e-01
1.764803224499109646e-01
1.821992090995647740e-01
1.821992090995647740e-01
1.821992090995647740e-01
1.879992147087881094e-01
1.937992203180110007e-01
1.937992203180110007e-01
1.937992203180110007e-01
1.996838975419669149e-01
1.996838975419669149e-01
2.056121649675822782e-01
2.115404323931971975e-01
2.174686998188124498e-01
2.174686998188124498e-01
2.174686998188124498e-01
2.174686998188124498e-01
2.296009680386758012e-01
2.356671021486074213e-01
2.417332362585388195e-01
2.417332362585388195e-01
2.478482908048413869e-01
2.478482908048413869e-01
2.540134687490639420e-01
2.601786466932868302e-01
2.663956328555280306e-01
2.663956328555280306e-01
2.663956328555280306e-01
2.727198084343595008e-01
2.790439840131910820e-01
2.853681595920227743e-01
2.853681595920227743e-01
2.853681595920227743e-01
2.918062842803824664e-01
2.982444089687430466e-01
3.046825336571029608e-01
3.046825336571029608e-01
3.046825336571029608e-01
3.046825336571029608e-01
3.046825336571029608e-01
3.046825336571029608e-01
3.114331886701411367e-01
3.114331886701411367e-01
3.182506818516246394e-01
3.182506818516246394e-01
3.182506818516246394e-01
3.252073075470165442e-01
3.252073075470165442e-01
3.252073075470165442e-01
3.252073075470165442e-01
3.324631429497368895e-01
3.397189783524574569e-01
3.469748137551775802e-01
3.469748137551775802e-01
3.543121753983774491e-01
3.543121753983774491e-01
3.543121753983774491e-01
3.543121753983774491e-01
3.543121753983774491e-01
3.619989352150629891e-01
3.696856950317490842e-01
3.696856950317490842e-01
3.696856950317490842e-01
3.696856950317490842e-01
3.776643571199548299e-01
3.776643571199548299e-01
3.776643571199548299e-01
3.776643571199548299e-01
3.860742982399557599e-01
3.860742982399557599e-01
3.860742982399557599e-01
3.860742982399557599e-01
3.948446654079564855e-01
3.948446654079564855e-01
3.948446654079564855e-01
3.948446654079564855e-01
3.948446654079564855e-01
3.948446654079564855e-01
3.948446654079564855e-01
4.044503056395760687e-01
4.044503056395760687e-01
4.044503056395760687e-01
4.044503056395760687e-01
4.044503056395760687e-01
4.147184038182039068e-01
4.147184038182039068e-01
4.251698608928788925e-01
4.356213179675538782e-01
4.356213179675538782e-01
4.356213179675538782e-01
4.356213179675538782e-01
4.466875666348567586e-01
4.466875666348567586e-01
4.466875666348567586e-01
4.466875666348567586e-01
4.584601716000724636e-01
4.584601716000724636e-01
4.584601716000724636e-01
4.584601716000724636e-01
4.584601716000724636e-01
4.584601716000724636e-01
4.584601716000724636e-01
4.719986673100706742e-01
4.719986673100706742e-01
4.858934392229635746e-01
4.858934392229635746e-01
4.858934392229635746e-01
4.858934392229635746e-01
4.858934392229635746e-01
4.858934392229635746e-01
5.019592692472458761e-01
5.019592692472458761e-01
5.019592692472458761e-01
5.191330875490651753e-01
5.191330875490651753e-01
5.191330875490651753e-01
5.191330875490651753e-01
5.383677640471024040e-01
5.383677640471024040e-01
5.584387308276630435e-01
5.584387308276630435e-01
5.584387308276630435e-01
5.584387308276630435e-01
5.584387308276630435e-01
5.584387308276630435e-01
5.584387308276630435e-01
5.584387308276630435e-01
5.584387308276630435e-01
5.584387308276630435e-01
5.924049823024581940e-01
6.263712337772533445e-01
6.603374852520484950e-01
6.603374852520484950e-01
6.603374852520484950e-01
7.027952995955424331e-01
7.027952995955424331e-01
7.027952995955424331e-01
7.027952995955424331e-01
7.027952995955424331e-01
7.027952995955424331e-01
7.027952995955424331e-01
7.027952995955424331e-01
