0.000000000000000000e+00
2.174865413995252794e-05
6.137361964475562814e-05
1.093700737555547420e-04
1.514819606455164447e-04
1.612849308859631847e-04
1.938381704507108338e-04
2.315938854710042349e-04
2.599807147259936002e-04
4.257422741215100004e-04
4.724060063964197198e-04
6.697211700827931935e-04
9.286120135577613510e-04
9.713145588534644048e-04
1.488457046587954302e-03
1.678844612060692576e-03
2.114355833326642120e-03
2.722957599295972031e-03
2.819372367659278567e-03
4.575004541392591051e-03
4.855953247126620909e-03
5.768671084940613092e-03
5.931275452794149139e-03
6.437238989674187728e-03
6.970864310182900425e-03
9.386754834904253997e-03
1.053042642434998122e-02
1.076899795614572053e-02
1.175545600605043539e-02
1.252949237269174176e-02
1.416418164635246946e-02
1.745492975135209957e-02
2.008015224773485041e-02
2.662279238459153152e-02
2.979494666039717021e-02
3.061174329167892783e-02
3.143733598380715755e-02
3.353744529410362940e-02
3.396408604614375992e-02
4.240324970786601977e-02
4.568035147558091591e-02
4.615548599441998689e-02
4.855104245588603984e-02
5.196121881353010785e-02
5.643143882196288708e-02
5.844854891548567632e-02
5.895562169494494853e-02
6.099115311303493492e-02
7.232392638865647871e-02
7.337116737234405939e-02
7.389538764770164914e-02
7.651735110223123471e-02
7.809388097357305991e-02
8.072273506647298369e-02
8.597776914018362415e-02
9.280007021278324775e-02
9.699719088372105169e-02
9.804709309435044595e-02
1.094799010876638112e-01
1.146563720445037404e-01
1.156903332757637237e-01
1.328465991321835515e-01
1.393053175059997262e-01
1.402946782180976015e-01
1.417743447744147511e-01
1.437392268138650842e-01
1.466685992993292942e-01
1.471556627461065858e-01
1.486126231984256085e-01
1.490974560667819304e-01
1.524691623917202588e-01
1.577037742094177242e-01
1.610017346112485592e-01
1.624079220589281780e-01
1.679635785435793505e-01
1.716248512346916222e-01
1.862380536020494803e-01
1.931564983869750174e-01
1.961515338017707499e-01
1.970041235017164771e-01
1.999678986606897579e-01
2.062213127877360330e-01
2.082875135234304453e-01
2.091112764879354824e-01
2.119740472465977410e-01
2.172146491984826566e-01
2.296631807525251201e-01
2.390276023559609886e-01
2.423329976698922472e-01
2.459533379743608084e-01
2.571062177097415136e-01
2.574498627974216580e-01
2.667922375420299641e-01
2.674513422021083109e-01
2.677803343364222322e-01
2.710364365414545951e-01
2.723295257051573381e-01
2.897673383460166452e-01
2.915642403389833159e-01
2.956936402365437644e-01
2.974457768057755525e-01
3.028810396991371556e-01
3.087293870744947100e-01
3.109251515640466534e-01
3.114716386259384073e-01
3.128302082867892020e-01
3.136416498709916345e-01
3.149860517500921997e-01
3.155218999626839826e-01
3.199967264958105684e-01
3.202582529039443848e-01
3.220753393689997912e-01
3.231070264168329764e-01
3.385271334706122515e-01
3.387618585541708471e-01
3.408527315560412330e-01
3.431418820405595094e-01
3.456190261909058981e-01
3.497890172245391449e-01
3.546711187462472381e-01
3.621497476080528521e-01
3.649018151484323402e-01
3.654870933028306901e-01
3.679883313282878987e-01
3.698861891792800671e-01
3.730508939859481510e-01
3.732360152677060006e-01
3.757925178884656825e-01
3.810969266275713307e-01
3.824897227813945921e-01
3.840399882868986703e-01
3.842116762136787989e-01
3.882381413311536411e-01
3.916714640885852194e-01
3.931234173721599445e-01
3.936051034272213256e-01
3.979857267669509868e-01
3.996810376296212608e-01
4.050504272932741179e-01
4.066670269945296123e-01
4.116516936868954701e-01
4.142998357927296649e-01
4.156776670659946271e-01
4.191760756565133805e-01
4.251105132817410981e-01
4.260035773030464989e-01
4.363309906823562567e-01
4.394317672516292461e-01
4.396603061021374659e-01
4.411291095568828924e-01
4.437822622849733056e-01
4.469038386525996387e-01
4.474384706583572902e-01
4.503649487332959112e-01
4.532241516741151166e-01
4.539346304719005243e-01
4.548419181912075615e-01
4.558426047316711527e-01
4.564404552813084992e-01
4.587916439914683231e-01
4.594747234516032286e-01
4.617799965493556424e-01
4.672506642846011582e-01
4.679023043271702820e-01
4.710994672841893882e-01
4.714664504623378161e-01
4.726514877119211144e-01
4.789760850212007037e-01
4.816914290501418394e-01
4.817794984118901613e-01
4.831755503341531588e-01
4.854152265561636481e-01
4.861896351180892140e-01
4.872159446092887425e-01
4.899023522131225050e-01
4.906569069452626497e-01
4.907407923500654023e-01
4.958810160466429195e-01
4.959617767759699758e-01
4.990225008086349723e-01
5.001889993397157230e-01
5.004219194702459461e-01
5.039411157878519454e-01
5.042401614295273227e-01
5.060015928904848526e-01
5.087832908171598945e-01
5.089260907167105774e-01
5.118357207265691322e-01
5.124580522329338361e-01
5.135536156062514568e-01
5.142352491601200892e-01
5.153827618329203109e-01
5.210762522371508165e-01
5.213356327438123383e-01
5.231210281198847012e-01
5.254373853154779006e-01
5.267426610944949683e-01
5.298201516325181659e-01
5.314329411384681734e-01
5.341091385592923180e-01
5.358316390914399374e-01
5.388933463000549207e-01
5.390614344281848824e-01
5.482792420322939453e-01
5.487906410181935257e-01
5.492487600691280392e-01
5.494520450303239656e-01
5.524307407632842448e-01
5.615937814626222879e-01
5.683001826980399462e-01
5.704746907247004728e-01
5.765697967937832846e-01
5.772411839057569605e-01
5.773756905127658268e-01
5.800688113936158796e-01
5.866248660556434569e-01
5.896661880148585944e-01
6.043767559982995419e-01
6.075858109126754947e-01
6.237776672130270761e-01
