1.616098999023437500e+03
4.364075622558593750e+02
3.542405395507812500e+02
3.171529785156250000e+03
1.882469726562500000e+03
2.305935974121093750e+02
1.926975830078125000e+03
7.570972290039062500e+02
2.047964111328125000e+03
1.730424804687500000e+03
1.744492065429687500e+03
8.210198974609375000e+02
8.415340576171875000e+02
9.512912597656250000e+02
3.127305908203125000e+02
3.043959655761718750e+02
7.038247070312500000e+02
8.362767944335937500e+02
1.463145019531250000e+03
1.209426025390625000e+03
4.401355895996093750e+02
5.747210083007812500e+02
3.830643554687500000e+03
3.851007690429687500e+02
1.911797119140625000e+03
1.374103027343750000e+03
1.268809448242187500e+03
2.461347412109375000e+03
3.726645507812500000e+02
9.455242919921875000e+02
2.035048675537109375e+02
7.870530395507812500e+02
3.220021362304687500e+02
5.505037841796875000e+02
2.469023284912109375e+02
4.094362792968750000e+02
1.318040771484375000e+03
5.661939697265625000e+02
1.027262451171875000e+03
3.568867187500000000e+02
9.374208374023437500e+02
2.163083984375000000e+03
8.611899414062500000e+02
2.264896972656250000e+03
4.417931518554687500e+02
5.444359130859375000e+02
2.630083007812500000e+02
7.064440917968750000e+02
2.302237548828125000e+02
1.273932006835937500e+03
7.641000976562500000e+02
8.711845703125000000e+02
1.173253662109375000e+03
3.242688598632812500e+02
2.358469726562500000e+03
1.056011962890625000e+03
3.976005249023437500e+02
2.600562133789062500e+02
6.091331787109375000e+02
1.464615966796875000e+03
1.389231811523437500e+03
4.982797241210937500e+02
2.207104980468750000e+03
1.867961059570312500e+03
3.594042968750000000e+02
1.783493164062500000e+03
1.997058837890625000e+03
2.461664306640625000e+03
8.314043579101562500e+02
1.187145996093750000e+03
2.196103515625000000e+03
7.218062133789062500e+02
2.066677246093750000e+03
1.370271728515625000e+03
2.573528442382812500e+02
7.831340332031250000e+02
2.024107421875000000e+03
1.288596679687500000e+03
5.122787475585937500e+02
7.954305419921875000e+02
9.456751098632812500e+02
2.789893798828125000e+02
6.630446777343750000e+02
4.046341857910156250e+02
8.338038330078125000e+02
1.127702880859375000e+03
2.045481445312500000e+03
5.168748779296875000e+02
4.471475830078125000e+02
1.425129150390625000e+03
2.543896484375000000e+02
3.935104675292968750e+02
2.245877929687500000e+03
8.354243164062500000e+02
5.587196044921875000e+02
1.526510253906250000e+03
5.648771362304687500e+02
8.919263305664062500e+02
1.843144287109375000e+03
1.309016479492187500e+03
6.863408203125000000e+02
6.496699829101562500e+02
1.166535766601562500e+03
4.470561523437500000e+02
1.528136596679687500e+03
8.297453613281250000e+02
2.136480102539062500e+02
7.938837890625000000e+02
2.347657318115234375e+02
1.097087890625000000e+03
1.212581054687500000e+03
6.596859130859375000e+02
2.496950195312500000e+03
3.463034667968750000e+02
1.662003906250000000e+03
2.476256256103515625e+02
4.830551757812500000e+02
2.248350585937500000e+03
3.618101806640625000e+02
3.600744323730468750e+02
1.068117187500000000e+03
2.227817382812500000e+03
6.975343627929687500e+02
6.426075439453125000e+02
5.779335937500000000e+02
1.137653076171875000e+03
6.880780029296875000e+02
9.389825439453125000e+02
3.070822143554687500e+02
3.640970458984375000e+02
9.613502197265625000e+02
2.421449890136718750e+02
3.085342102050781250e+02
2.444180664062500000e+03
2.082095642089843750e+02
2.302940216064453125e+02
2.531364288330078125e+02
3.197208251953125000e+02
6.965857421875000000e+03
6.113512573242187500e+02
1.247180297851562500e+03
1.307765136718750000e+03
4.578706665039062500e+02
8.351123046875000000e+02
1.952158203125000000e+03
3.080172729492187500e+02
1.080289794921875000e+03
3.741127624511718750e+02
5.756632080078125000e+02
1.518783691406250000e+03
8.240616455078125000e+02
5.517922851562500000e+03
3.941019897460937500e+02
1.023276367187500000e+03
2.257131347656250000e+03
8.112422485351562500e+02
2.418874511718750000e+02
6.603415527343750000e+02
1.296141357421875000e+03
9.968520507812500000e+02
5.143537597656250000e+02
4.802512817382812500e+02
3.082079162597656250e+02
2.452716308593750000e+03
6.812108154296875000e+02
4.297630920410156250e+02
6.157483520507812500e+02
8.926309204101562500e+02
5.128665161132812500e+02
3.709036865234375000e+02
7.054743041992187500e+02
6.433339843750000000e+02
4.578817138671875000e+02
7.178673095703125000e+02
6.627637939453125000e+02
4.282790527343750000e+02
3.742781066894531250e+02
1.898811187744140625e+02
1.715699707031250000e+03
2.127702148437500000e+03
4.513340454101562500e+02
9.985219116210937500e+02
4.577204589843750000e+02
2.645643310546875000e+02
3.657770996093750000e+02
1.509067382812500000e+03
1.609117889404296875e+02
7.564891357421875000e+02
1.809070129394531250e+02
5.405195312500000000e+02
2.269781738281250000e+03
7.598374023437500000e+02
3.252216186523437500e+02
1.451522705078125000e+03
3.560725402832031250e+02
4.655654907226562500e+02
3.720958862304687500e+02
2.377113037109375000e+03
1.105865600585937500e+03
2.010703857421875000e+03
1.757873657226562500e+03
5.839945068359375000e+02
5.234681396484375000e+02
3.881118774414062500e+02
9.241395263671875000e+02
1.323580566406250000e+03
2.959064453125000000e+03
7.068446044921875000e+02
2.601737670898437500e+02
1.292968750000000000e+03
8.098269531250000000e+03
2.892291870117187500e+02
4.545665893554687500e+02
1.761002441406250000e+03
6.517554931640625000e+02
4.064219360351562500e+02
8.218404541015625000e+02
1.491956054687500000e+03
7.140292968750000000e+02
1.915779907226562500e+03
3.238723876953125000e+03
3.637718505859375000e+02
8.403201904296875000e+02
1.860997802734375000e+03
2.613358764648437500e+02
7.819207153320312500e+02
7.798120117187500000e+02
2.523167480468750000e+03
9.562563476562500000e+02
2.182374023437500000e+03
7.981962890625000000e+02
2.086943603515625000e+03
7.623309326171875000e+02
